Отчёт об аномалиях duplicate_anomaly

Выявлено 1860 аномалий (дубликатов)

Владельцам следующих кораблей были отправлены предупреждения:

id_own   id_ves 
4760527  1930206    31
1921181  5282105    30
5132476  5674860    29
6885089  741205     28
         101043     28
2338066  3638294    28
8205073  3590860    28
7372847  3082109    27
1921181  1777533    27
         8774611    27
6885089  1375509    27
2338066  7608427    27
         4609781    26
6885089  1051873    25
7717173  7056077    25
7656004  6637697    24
78422    5978123    24
4760527  5255223    24
1406530  1915240    24
8638710  1879298    24
5206146  2707012    24
6885089  8939201    24
7708239  3949342    24
9407225  7483362    23
8638710  9169940    23
7829965  2811150    23
7656004  1260143    23
7024329  7208971    23
2865507  1835851    22
7656004  4016144    22
9407225  2748299    22
9269186  2140098    22
8090733  6605677    21
2541519  2590548    21
1479986  1150305    21
5434598  4237349    21
1267102  8141919    21
1921181  679728     20
9405992  2634670    20
1921181  7301255    19
1406530  2957368    19
4760527  6662973    18
2043828  6607712    18
6513740  1351826    17
78422    5097431    17
9164237  3542717    16
8077489  647302     15
9284996  2252068    15
7656004  8237236    15
6808535  8408032    15
2680100  5278386    15
6644915  86689      15
9228058  1351826    14
7829965  8222911    14
2507472  4543391    14
         3970671    13
7656004  7548109    13
6088979  833922     13
6808535  8891315    13
6934839  4351001    13
7115834  867437     12
6513740  4510382    12
7115834  7244716    12
2747448  2224557    11
1642654  8578074    11
8379463  6877036    10
4109634  8833791    10
1288149  2544976     9
1642654  1480429     9
1754744  8298312     9
6934839  1443038     9
7372847  187028      8
2747448  6489009     8
5536455  5995883     7
7284807  8766658     7
2680100  2686623     7
9382283  9301657     7
         4853156     7
1754744  3706989     6
7656004  596708      6
9290322  6768180     6
1546362  2642837     5
6462295  2359584     5
2476787  4487588     5
1337392  1375359     5
440996   3471649     5
4787153  8548850     5
2476787  5483205     5
7829965  3356790     5
9382283  471859      5
3846064  5538439     5
3095952  2086255     5
794477   4009512     5
6462295  2779542     5
5258490  7828253     5
3107158  8688535     5
2369769  1190952     5
6377225  8827825     4
2391781  314775      4
6377225  5712663     4
         2270107     4
         662963      4
6971512  5536392     4
         8691140     4
7115834  3487610     4
5804954  1171440     4
1754744  7358063     4
7656004  3255078     4
7115834  5868605     4
2369769  8423593     4
5258490  4800458     4
3432941  2946436     4
3986268  6681934     4
3846064  9088403     4
         7432644     4
         6169671     4
9290322  2338847     4
3432941  9380862     4
         5006810     4
3415543  8446569     4
4401164  5891468     4
3101919  3483267     4
         2162045     4
9382283  7164214     4
         8938434     4
2567272  8957629     4
         4621109     4
88454    1930206     4
         5255223     4
4401164  7707473     4
5258490  33295       4
4565284  1147871     4
625816   9234258     4
1957245  1988706     4
         4670472     4
         6591042     4
1546362  2330057     4
88454    6662973     4
4673799  1409554     4
4657561  7384051     4
         5683069     4
         2726790     4
         1957073     4
         1486720     4
4565284  9472820     4
         2807166     4
         1875749     4
1957245  8076334     4
1337392  2360396     3
439595   4139739     3
8520001  8577218     3
7636185  6738612     3
         9489364     3
6493928  2208303     3
3846064  1218882     3
3432941  7645294     3
4787153  4312726     3
2369769  513423      3
4787153  8519237     3
         8938434     3
4673799  5018807     3
5258490  4140694     3
5804954  1306716     3
6493928  9102536     3
3846064  2402426     3
7629399  5297224     3
3432941  1467664     3
3415543  7304259     3
7478978  6124052     3
2680100  8371216     3
         6414413     3
2369769  4866883     3
8608103  3710204     2
9382283  5536392     2
4111289  1712528     2
3095952  2946100     2
78422    8860531     2
7636185  4139739     2
4787153  7164214     2
8520001  3871365     2
1754744  1806463     2
7636185  6791380     2
         6893098     2
7484551  7030729     2
         3183424     2
6971512  9301657     2
8414959  1457316     2
6934839  3082109     2
1074331  9197153     2
         5148034     2
1778753  4246384     2
9290322  6423853     1
         5255569     1
9382283  4312726     1
6971512  4312726     1
         8548850     1
9382283  8691140     1
1778753  2017108     1
4401164  4069622     1
4787153  7943780     1
